10515591681.0
10672300631.0
10792187051.0
7974429031.0
11127711421.0
8147563771.0
11634498661.0
11857566151.0
11912065061.0
11977797621.0
9211502511.0
12350772641.0
9530178731.0
12501183601.0
12698654951.0
10060463491.0
10115406087.0
8195697417.0
11531316407.0
11549271337.0
8666689497.0
11699256467.0
11783773227.0
12148845977.0
9231285937.0
12276115477.0
12306100367.0
9654653137.0
9696925087.0
9713993437.0
9799514547.0
9810844907.0
10459538239.0
10752056139.0
7728115679.0
10797241049.0
7800414869.0
10920897259.0
11489937599.0
8730659989.0
9052935229.0
12244736339.0
9487324269.0
12517856449.0
12626301599.0
12684738189.0
10050852669.0
10336165026.0
10484800096.0
11691438036.0
8722192816.0
12057810866.0
12091115026.0
9397252116.0
9466710416.0
9469032016.0
12444043546.0
12671815466.0
9830132496.0
9842728606.0
10875743574.0
7854344844.0
11165169404.0
11245632274.0
11647281894.0
9070712524.0
9173608624.0
12210541174.0
12280982204.0
10235442928.0
7666039428.0
11391774658.0
11543029558.0
12090436338.0
9339785428.0
12323669628.0
9375111118.0
6507551158.0
12623454828.0
12638167778.0
10075107588.0
10306840413.0
10646483243.0
11092319883.0
11401467573.0
11494963833.0
11586954633.0
11887251643.0
12086334803.0
9443265513.0
12398069403.0
12537084623.0
12590738993.0
10537346525.0
7742931655.0
7844336635.0
10933312055.0
8282932175.0
11401901975.0
11430813215.0
11494435355.0
11567572055.0
11628963005.0
8638297945.0
8656739255.0
12011124215.0
9214979315.0
12593173105.0
12665938855.0
10168561060.0
10217795570.0
7574725590.0
10856199690.0
7825544720.0
11122056410.0
11123094390.0
11258551730.0
11568271280.0
12240832740.0
12320156480.0
9644897330.0
9890894800.0
10045828330.0
10178301462.0
7195843412.0
10288904982.0
10292453392.0
7413949122.0
10844321692.0
10877171032.0
11028762062.0
11367146192.0
11376803912.0
11672384022.0
8676081792.0
11709371162.0
8689692522.0
8829751902.0
11993737582.0
12067598052.0
12279178242.0
9472415292.0
12536096082.0
12621684372.0
10513569501.0
10595229091.0
10637105801.0
10653709231.0
10681270061.0
10967726521.0
11058590911.0
11395166721.0
11535122791.0
12607533551.0
12656156641.0
9881091851.0
10101029867.0
10135826067.0
10150110787.0
10201223477.0
10538838137.0
7735792287.0
10950853097.0
10985538757.0
11396709457.0
11435245097.0
11713238507.0
8842878697.0
11845181977.0
11873091807.0
9204882767.0
12205170937.0
9295750277.0
12318374437.0
12322562297.0
9788365157.0
10048854577.0
10211110059.0
10596713049.0
7580749289.0
11024525269.0
11076347379.0
11527127919.0
11565432899.0
11683585289.0
11877025749.0
9515246359.0
12470009589.0
12484862579.0
12609077529.0
9698856689.0
10197049326.0
10304238706.0
10827890636.0
11115986466.0
11610682696.0
8733862746.0
11752928006.0
12107571946.0
12296728706.0
12356090106.0
10183153814.0
10288651714.0
10288936304.0
10364408424.0
10791626154.0
10849870844.0
10919673304.0
11121417064.0
11617056114.0
11687783704.0
12005990614.0
12503376594.0
9625672994.0
12560039294.0
9656843924.0
12620580324.0
7459726768.0
11188028438.0
11312655288.0
8454407808.0
11972853458.0
9111135988.0
12139171968.0
12198392188.0
9371256088.0
12398106118.0
10073858508.0
10550903883.0
10637500623.0
10689692663.0
10766649903.0
11332876123.0
11481039553.0
11720776393.0
11891406293.0
9027298113.0
9296346363.0
9458227683.0
12392274573.0
12392026523.0
9477780933.0
9489100763.0
12466419553.0
10137341865.0
10282484575.0
7227291625.0
10370100355.0
10768798125.0
10774183275.0
10988768275.0
11928637015.0
9148236385.0
12249095785.0
9481422825.0
12603902385.0
9693141525.0
12682357215.0
9987517145.0
10208059700.0
10452767360.0
10455243580.0
7781393880.0
10836497680.0
7930424340.0
11012152590.0
11214544380.0
8200618870.0
11365704270.0
11562300200.0
9026698390.0
9037934450.0
9288317900.0
12301962730.0
12367709680.0
12488932870.0
12548442500.0
12637243970.0
12637243970.0
6735611180.0
6748786290.0
8074924882.0
8199623812.0
11481414512.0
11589553842.0
8792663032.0
12008073742.0
12014876392.0
12223835182.0
12215529502.0
9289890202.0
9312961852.0
12521691902.0
12659901602.0
12695372272.0
6843185862.0
6950020512.0
10167690571.0
11145888321.0
11233419441.0
11318359051.0
11403115911.0
8692087151.0
11733002271.0
12219595851.0
12282044211.0
12431381871.0
12523452271.0
12686856761.0
12687976921.0
10488364997.0
7596641637.0
10808907777.0
10902809327.0
10952742637.0
10977954057.0
11283573257.0
11558272247.0
11883988397.0
9143010627.0
12134518807.0
9611234937.0
9691748377.0
9777059617.0
9777059617.0
10056765127.0
10645804259.0
10823311799.0
11158038309.0
12131503129.0
9242679869.0
12518185409.0
9976130549.0
10022782869.0
10324005716.0
10669633806.0
10963383396.0
7938042436.0
10987333716.0
11696840246.0
9030289436.0
12355371926.0
12477371626.0
12640744816.0
12667633226.0
10642443814.0
10757680504.0
10757930834.0
10769518594.0
10954103384.0
8965897424.0
12074460304.0
12161978054.0
12256747104.0
12343804494.0
12357670734.0
12573244854.0
9891437904.0
10350436408.0
10803658838.0
11006405638.0
8140588898.0
8144523568.0
11582547508.0
11896578918.0
8939820538.0
12013056728.0
12173867708.0
12483648728.0
9566071598.0
12608321598.0
12607750168.0
12666292458.0
9960050468.0
10011179148.0
10340315783.0
10349420143.0
10621991003.0
11025256293.0
8369783953.0
11468918713.0
11603000323.0
8831783083.0
9191171943.0
9342949883.0
12466522683.0
12690378493.0
9869670823.0
9950769783.0
10720040535.0
10937559565.0
11181169095.0
8479191135.0
11498508395.0
11550384395.0
8834771255.0
9216810135.0
9248292245.0
12550401905.0
12550401905.0
12651318965.0
10212850270.0
10236299000.0
10322880370.0
10393643360.0
10594352870.0
10792127840.0
8212272450.0
8288609280.0
11565460620.0
8637767510.0
11797723000.0
8852918980.0
12028712820.0
12170334420.0
9296273140.0
12550574880.0
9669412660.0
12621937620.0
12647358430.0
10313316752.0
7327353642.0
10846771832.0
7978474952.0
11281279982.0
11784321442.0
11825605922.0
11845570322.0
12183374422.0
12525055742.0
9799475112.0
9909206502.0
9989365032.0
10128031131.0
10909009221.0
8192185141.0
11382745011.0
8428737831.0
8495387731.0
12189162711.0
12374100651.0
12659931481.0
10144532697.0
10864780177.0
7906562557.0
11112731657.0
9041102237.0
12104973837.0
12530407747.0
10967829469.0
10962771999.0
11459370389.0
11950763869.0
12692712759.0
10522248966.0
10752885546.0
8000823366.0
11149033086.0
11832657926.0
8992234496.0
12196362506.0
12232766796.0
12574188846.0
10311520854.0
10312220524.0
10983438164.0
11374618554.0
11836565324.0
12010809254.0
9066129784.0
12075877454.0
12106498664.0
10505728198.0
11065367588.0
8175576908.0
11931661758.0
10824789593.0
10976307873.0
11060829053.0
11824560713.0
8858330833.0
9852709933.0
10805978065.0
11366388615.0
8642320935.0
12397239465.0
12698194705.0
12702345525.0
10460774000.0
11126356260.0
8208757490.0
8522050320.0
8885849710.0
12532292730.0
9909414680.0
9966839150.0
10035487340.0
10451932602.0
11426642062.0
12387228532.0
9735250352.0
9938506812.0
11252618211.0
11586095861.0
11651595511.0
11870017951.0
11887464271.0
12238954761.0
12549658821.0
10613513777.0
10701101137.0
12391556687.0
9575487207.0
9576941147.0
9777059617.0
9879377087.0
8863330199.0
9240592169.0
12462690349.0
12483827739.0
12510752079.0
9734696199.0
9804366959.0
10130881116.0
10532780646.0
11519620676.0
12038632156.0
12310893916.0
9539454996.0
9707729246.0
9787259226.0
9865406166.0
7057852514.0
10650646464.0
7657800464.0
10826682624.0
11217417024.0
11466989434.0
11561420944.0
8835488154.0
11879838414.0
11882406184.0
9479068904.0
9681342304.0
12637697324.0
7144683388.0
10810753298.0
8142050908.0
12531577498.0
12589611168.0
10612465883.0
11544702583.0
11802996193.0
9053309823.0
9120684533.0
9943532193.0
6952137913.0
10802441605.0
11431456795.0
11650516825.0
11759229995.0
11939261985.0
12700230795.0
10343282990.0
7976140260.0
11529524170.0
8965027720.0
9277065720.0
12447548650.0
12637243970.0
7210406982.0
10395336702.0
10999378092.0
11419727562.0
8902669142.0
9415985812.0
7048666971.0
10612752971.0
10656569441.0
11234403831.0
8214322331.0
11480387531.0
11559310031.0
11906235891.0
12135934561.0
12219662441.0
9891005621.0
10329354627.0
10552183617.0
11210547987.0
11338004627.0
12002058787.0
9717989067.0
10361980139.0
10372488329.0
11447649359.0
11608499959.0
11768684919.0
9773718629.0
10837672666.0
11065334466.0
11174099086.0
11560009236.0
9005725916.0
12520692446.0
9676008546.0
10832902384.0
11690694034.0
12192471174.0
12589247994.0
8267846198.0
11612151468.0
9364080008.0
12350457378.0
12636960888.0
11019696773.0
8251339213.0
11600561593.0
11986643273.0
9322892723.0
12545284223.0
10282955665.0
10509888895.0
10967964145.0
11923314475.0
12273750405.0
12444117645.0
9504704435.0
12534049015.0
9882431775.0
9964461815.0
10215711340.0
11395167470.0
11637981030.0
11920794360.0
12162953570.0
12168455880.0
12652485670.0
6593798920.0
12683429920.0
12687649940.0
11730674902.0
8732219232.0
11995825062.0
12014551392.0
12369666592.0
12519601342.0
12596658872.0
10044773002.0
10808048711.0
11031729841.0
8084015891.0
11519874701.0
8906711171.0
9043728831.0
12290569111.0
9347453941.0
10104343677.0
7062520037.0
10385652587.0
8112383367.0
11519008047.0
11603559197.0
12183157947.0
12345658677.0
9550887177.0
7793079359.0
11225153329.0
11296323816.0
11934231076.0
9894739536.0
9938362386.0
10473944214.0
10926045024.0
11844437324.0
11851045164.0
9127026934.0
9463060864.0
9512308974.0
12493078254.0
12613683714.0
10187672998.0
11222648068.0
11435990728.0
9390487698.0
12428206938.0
12671480268.0
9879521308.0
10450656333.0
11369248063.0
11884365703.0
11911083933.0
12237863223.0
12676788003.0
10796198535.0
10834509155.0
8599223155.0
11704971755.0
11748160185.0
11956044885.0
12284313275.0
12550401905.0
10780707480.0
10792447450.0
11562158730.0
11599444320.0
12213188700.0
12222566020.0
12448051350.0
12615995280.0
9790092970
10960359582
11186740792
11458905102
11553883412
9652926522

